41.636895710397084, 52.617505930564406, 46.90762901573231, 68.85667855734464, 64.35435984502146, 40.200616476999244, 62.59810702406525, 58.8987462510631, 45.65474341775414, 57.25268180581176
64.67467478692518, 34.09869425890227, 32.56371264955611, 49.18461091568922, 55.67087610337795, 50.58586647027688, 56.38674084624766, 58.38001665537723, 44.64660275178453, 37.702154018774294
31.534680720413313, 61.299617643978095, 49.699036714365576, 41.035538039320095, 54.92115658065746, 59.472322235802174, 55.123805809247955, 56.53307326501867, 50.68370816599231, 46.17112113563091
42.305771275641206, 55.32412099199448, 34.918277094310845, 33.108906966173194, 77.42519577498666, 56.32986602568601, 34.022491917950695, 45.188842341094926, 37.07897122004131, 46.998586812806025
62.626550457312725, 30.748922480703325, 51.441835162081205, 60.50544551655839, 43.3818654629852, 61.92790227043757, 28.264718563937002, 45.438699880575854, 38.475868669024194, 32.505148929912934
38.03793058212997, 43.04209838027115, 50.178108975478345, 52.745515330414946, 63.061311030458114, 55.74394944937395, 61.68550639248284, 41.041518766634674, 66.4190702830152, 61.58569434655457
54.561365475417894, 60.21193378867167, 54.96737779916743, 60.36309711439673, 53.037918057902, 71.87324338057212, 66.17788443073857, 40.834018878106484, 42.175134646042686, 55.21977847522456
69.42467645587563, 52.92477237285009, 59.680729490790235, 44.882093539670734, 49.347664530822286, 61.90671107617878, 44.508695321195006, 50.880546789562494, 46.10889965316194, 33.00176335478183
22.109082572513326, 11.093358424343862, 63.69900306875499, 62.85815401345205, 68.35735197394473, 55.7310460874189, 54.333710369220285, 35.76529089291988, 52.41408888535739, 22.729996937876557
50.81416826772794, 48.735336752539546, 66.037057938622, 37.928328822221246, 39.18208063275618, 33.59840766877654, 57.162111979745, 46.46909616390132, 61.09391422863552, 54.858744768283394
37.28544059075757, 56.465199255727825, 33.89403459784765, 44.97358023280904, 60.31656229780957, 60.05877680732054, 58.03789008775581, 60.37871861789839, 51.38637247040685, 56.06722131628419
53.50472412172084, 48.29636130709913, 60.938453525617156, 39.595618338579115, 51.3621197847127, 19.64146012328798, 50.726958508954056, 63.996324861530525, 34.57422383934605, 42.40674552715504
61.377128416068444, 71.40871460793315, 45.01783683796984, 30.987421020383476, 57.60523508486011, 47.197829736286366, 43.30368737090941, 54.426477298367864, 40.79949487532896, 45.474930330375805
13.11578016111634, 55.46371626925638, 65.7889841326308, 32.281765899257465, 50.89860625693195, 52.69447345108539, 50.30755195023263, 46.128562804842346, 53.20244169685639, 53.64533856333782
34.981647018027495, 55.417515245618425, 56.60420144825636, 40.66116883044742, 57.967652036186884, 49.75014551763822, 54.54500905383478, 55.29784090586139, 56.23123959054402, 36.044732798439334
54.884495031206775, 46.870990725237554, 52.7312339424314, 60.00230721190095, 51.18712807182574, 51.40841232928827, 47.766386961431536, 72.76348325326529, 50.3460186087261, 61.206541419200775
43.199185692888825, 65.84040308094174, 46.39786982917683, 40.76534632041949, 55.92224822055962, 69.56105192868914, 40.507060725982655, 57.852756604885855, 35.43613763642108, 56.19130406973387
42.58936695619068, 50.348438413097234, 52.40283647736173, 55.82888298288695, 56.61384617837844, 58.65365428682408, 69.09515707544736, 51.81300852968285, 31.83278983905632, 50.97192919247741
64.12362657604496, 54.49335566273704, 56.84223519448494, 74.34140923555883, 47.183365180649844, 40.71411238911398, 46.17474040542472, 40.36331939976084, 63.61010506002508, 53.85624160770945
55.507442364680585, 57.13419080402553, 39.95740792783894, 55.825973024206625, 66.7309632311952, 52.360168764535956, 65.28970212472912, 45.239770092641294, 66.13693705844305, 57.464485082628315
42.96176275114818, 54.068972026211775, 46.94611020132537, 53.80729061776698, 74.51563160419224, 52.97758009818729, 40.638711520459225, 58.57900980570625, 70.05321103396405, 61.771824154889146
57.63511457358371, 65.22392070972634, 28.705109905795652, 52.7391275889523, 43.639170906997855, 58.85722998015446, 42.53425662290611, 26.83144263157439, 59.346224358952625, 40.69927880930172
45.755325127947636, 64.4564538077475, 46.57555090888229, 53.87155417594276, 42.30544651167069, 35.5982861558015, 45.94428476770339, 55.40341066217337, 40.014047172581684, 52.211507389015146
38.98781084908878, 50.88990456313991, 39.602666307394614, 49.35949302451435, 68.73846647392365, 27.924502944774066, 77.76655813478239, 47.368329010510394, 69.29174017680549, 45.311867391117836
49.66851821468885, 54.635083740510886, 30.631122148054455, 34.45884435913716, 56.99136106109705, 39.410254500321194, 34.64966089475829, 44.01529335452259, 53.21815134963425, 66.67004611114635
61.287053513209486, 56.76066569628439, 53.90563325636029, 52.784345453684985, 48.650990759829554, 38.85455919436079, 20.793082588615636, 38.605148373425024, 50.36537777785445, 60.430852225666975
47.37820278863733, 35.35474612804939, 62.80067624850858, 55.90146816822812, 63.81064253965623, 26.90642982958169, 76.55159505920247, 37.08978205474094, 48.83136157843238, 72.09521605546595
64.27958862089957, 47.845974156616165, 48.53366496597967, 49.87657159788554, 49.72587669688821, 47.88778046622159, 35.39448513313371, 52.6664135403693, 54.497455828660264, 49.86585230864025
27.672598779258976, 62.09556532904016, 56.25633441747159, 51.33675535282203, 62.269646905166, 28.246729030756082, 53.21414808888513, 52.9574977585858, 56.18099762542908, 36.67067081687139
43.98310646114812, 62.96595389510486, 51.249678478863416, 46.14917798610872, 45.28626553806532, 43.767826618570076, 57.26063988162546, 42.98790153427571, 43.195448626760594, 28.566616742873865
40.71334716224584, 47.95221501370883, 41.191200632500454, 69.52635933924586, 67.14552247407724, 41.75176268217388, 50.9726885006135, 41.09030414107929, 59.73895021804357, 59.779803560134816
50.01375143739279, 35.24066830432052, 31.046024048144762, 36.22142189980974, 49.84057880796708, 35.72579583795257, 45.60846708598538, 58.28081182572545, 58.85665193942007, 43.40177812003762
36.29990322790667, 50.03406218133127, 50.53526769520432, 66.51436649038692, 36.609766345839006, 45.013519659611035, 50.63742886948602, 43.31372660322089, 45.51196241070736, 48.22420250822489
70.8769933218736, 59.05627361459402, 68.10237874389875, 47.463532413302026, 53.285855242492005, 65.67333925708132, 45.44323708034793, 47.56879212452195, 54.14329464740166, 47.9729539354652
23.266567557559995, 61.20573025914875, 33.020283065503314, 37.543336003523564, 69.69360726383604, 53.05681546485209, 41.27603761105946, 63.238885084538836, 54.627627733323436, 39.89227510110722
46.255357114083566, 41.85469266451437, 61.60639672228666, 59.07445654242057, 58.36885539255261, 48.1943574614791, 56.17240570271727, 55.077596051488236, 43.65646375750762, 60.912398580845164
77.48952779720652, 64.0264466931475, 38.8665332781605, 44.234497080302496, 52.55737108284455, 61.408369144402556, 53.41227099106598, 61.733674980492566, 41.98623660946823, 55.731092752782544
28.033302613838565, 66.79438534130914, 38.73923144381265, 39.655413035407285, 50.507030823382635, 29.22405497430034, 61.98751524111598, 32.9973208904688, 39.0360373681256, 56.01907607345238
40.92608010246583, 49.51091635226238, 53.8115681087393, 55.2046294774621, 42.40209400344688, 51.32779774209307, 49.678394726237926, 47.72294565708332, 53.24061122966824, 24.2790563196753
89.31069904218234, 58.20744699083558, 48.52055747895341, 62.78207551931049, 57.859322661299345, 52.65014986501854, 44.654650673134896, 46.899501769827665, 60.99579835713161, 38.270843842580334
53.78949496028242, 47.754911887979816, 38.089343958221065, 40.201596733529, 58.84282708779399, 46.24755680089311, 65.54540494624783, 45.63788399375191, 60.57397073809359, 13.658479579146103
35.78884884701593, 54.08126762774605, 47.958232952813674, 62.38135943497807, 47.56437273605291, 34.61938880116257, 49.70483058014553, 65.08974979656524, 48.065767738866846, 46.81101686636183
52.889620864272665, 48.9914842874009, 61.5459472369882, 46.64782569912773, 38.88766013038231, 47.652854318819045, 55.972076277021536, 44.79091773909959, 44.06917902981701, 49.86372284417879
59.54599628667552, 41.14105046910351, 39.01814967352833, 53.35653068556057, 68.8555687047706, 63.672882551121624, 46.2537599760412, 49.14875201650641, 46.4518474208195, 39.057536068782596
42.93027858218611, 43.537582326217624, 71.72183314794447, 54.66003060734452, 56.16545319964714, 33.17916750656971, 62.36700222665479, 58.825118515368914, 50.97449368800789, 28.44127347719951
66.95938474143053, 49.811693272905146, 51.64345558474532, 35.356114202810346, 48.576247152279784, 55.367689501827385, 41.161705314205264, 48.58421681275153, 48.86942830739921, 47.36646135086254
38.204665118734624, 47.498074585289885, 72.10814101467176, 48.67420118296662, 63.908391842486196, 46.03493596652691, 57.63613063828516, 42.69171070698427, 42.256738144461565, 42.601625181892814
25.376125259196627, 45.365056365251775, 52.395958957973, 36.54232104390117, 70.28767211349209, 66.19989559140147, 68.32053877523165, 75.06833319368465, 52.48767323581876, 31.088316717704032
79.93438806708508, 46.47808933848853, 54.11256981577542, 64.51118457489848, 70.96833879087328, 51.06305020485689, 47.48296309735953, 35.92675094148055, 61.205394890920466, 60.20494673719887
50.92254958858182, 33.38767201860417, 57.03020542517256, 46.1040736974682, 42.55502061721732, 55.75025572080922, 30.415026917298256, 46.15520417832602, 57.24679948851768, 46.04303507673508
32.165987364261326, 18.531428569029522, 39.086036029624054, 46.61558717570247, 50.39604559014519, 57.18430902322111, 56.05169950724444, 32.09396080163172, 46.11920007053979, 50.471511888534415
49.60794180319314, 50.82880985603331, 61.85508766827097, 59.612575846736, 61.72345080867172, 34.58130784351099, 53.54986136980143, 65.22006880639216, 37.324445474548696, 19.244891757404158
32.865020598687444, 55.429190900819655, 48.65706428600193, 58.88690266568817, 27.105430815095865, 60.11209264689464, 29.034499333524124, 69.89336535563217, 38.57135331518104, 57.93825704073537
66.51695788635513, 38.695946462096465, 38.53394175250159, 55.87232067934616, 26.211893597925894, 40.30081367970955, 40.55291071424653, 54.57739508667361, 54.21840165361294, 79.196787067488
24.59284154385523, 63.97258496605511, 49.62683191906991, 48.08893308183554, 42.958067370652806, 40.64327542639616, 16.918510622619955, 60.161297336759134, 37.85913949847476, 56.19170327052269
79.39663264777502, 59.62693595144727, 58.84088924912065, 41.45500741660784, 60.01592668296417, 55.61429033494303, 46.27533654837903, 31.095987828243487, 45.380679052880886, 38.44452808716302
47.80109743729994, 62.92471184761668, 63.34189565537335, 56.07369222682312, 66.3055234658375, 46.06920901785838, 56.29985409636306, 35.68060698243322, 50.83208832370792, 54.75361203598185
54.379202720338995, 63.69405948581385, 44.12001984987544, 28.667994894234017, 39.2263219791118, 52.505928956747844, 58.6460163489849, 45.41534102490311, 71.58782133837497, 29.406118469610476
33.16451192113148, 44.36187975292004, 40.53778295321115, 35.72035940319701, 47.244173516057046, 66.09264657613353, 58.357466247451626, 51.85418876564641, 66.26579427893621, 25.588467483584406
57.775678084737116, 45.62561140517653, 45.513185083728864, 54.213662127546705, 32.202646413910514, 51.11345858979779, 38.47900921820238, 35.49490764235947, 52.818196674956766, 67.4501145677938
47.334153148205566, 52.951587760267046, 32.404237948927026, 34.37988521112645, 41.49368962354475, 51.61193143309138, 44.33294503785106, 39.15746690576397, 40.53604360895268, 70.95041663539541
72.82210402980198, 36.251170505638584, 64.7360752353605, 46.624466268968554, 51.98510386574399, 42.49899582018531, 51.72020086910258, 39.41988874349755, 63.827195440847746, 48.564024235620906
51.53844853572064, 52.20714779726477, 51.32757388178977, 69.60510550963743, 36.796650163013844, 63.38143927602874, 60.6945307461208, 57.61088474614811, 47.96157052871011, 56.11153047117084
54.609959011299075, 53.48232824046448, 53.37973272493186, 56.096074310647275, 85.44027424594596, 45.02906872872268, 51.76074478785728, 45.81453623740583, 28.51942862049445, 65.58041003106993
89.55601572653238, 81.19160297507395, 52.28686489131982, 37.2147517426492, 19.9737511718805, 63.95088179793708, 53.9973363773985, 30.17428929108386, 59.48085382467586, 70.95991788560869
63.57906542949336, 56.57806260104984, 43.78091329965188, 63.163439717424936, 31.50414308160945, 55.693045264508854, 57.23445499454696, 56.55027465281061, 46.94299250513202, 47.17264096965556
44.97931660299987, 27.29098816683404, 52.04669895934782, 65.72861708675448, 51.80172045819529, 35.07501232958755, 39.52015547837436, 35.17817726570489, 41.985693756167436, 43.8158112398788
63.16817875356989, 52.28934691238542, 59.420769182418624, 59.22014720309992, 45.07198496980803, 70.60228374249903, 52.980754445758954, 66.2840618011181, 36.730351280712945, 60.19855552460314
50.91378174598801, 53.164695500514284, 44.42282237293736, 69.16702656362843, 63.34283618468426, 56.14971818154572, 60.42046066240532, 40.53854660843821, 27.03887273838975, 36.30763302373076
48.75619094175946, 33.99104288167918, 49.87858584038575, 59.89888283244589, 46.50805160276636, 62.1617993137864, 71.90418378230693, 48.598406101659116, 63.61003982145901, 36.46128271453361
55.49408237195534, 23.053331409551983, 50.93952718571452, 51.4968942164101, 45.82482351858712, 56.927635985467376, 66.97794903087251, 44.342348504407894, 29.79918466383925, 49.301998318700775
54.029416736008464, 64.20582804745712, 54.197745085575036, 57.85056509141948, 37.47502363161573, 44.26533409907492, 52.731836999193774, 46.51822903355926, 64.49762124891969, 35.33263535217588
53.34177543631166, 62.986348153404904, 49.56756775160797, 43.99586945156184, 49.63552171933617, 54.272358109745184, 56.83165465446444, 57.00165290528891, 54.58877175520965, 46.449527944209514
67.23602712710513, 28.92694518192799, 35.77263855060407, 44.175847558878324, 44.262215370224645, 35.13332966754274, 44.00648843250064, 63.5626940061736, 79.7986048250244, 44.88368617634909
33.25766002792972, 32.514733349962185, 55.58805876474468, 48.67005768876091, 68.27185924137135, 72.18747602785939, 47.09465285191829, 48.872660803480706, 66.88071655893684, 55.71733400841222
54.65899993757614, 67.38331069232348, 57.09877990912658, 84.32662001399575, 27.672117658402385, 65.81795797828751, 46.78039279435004, 57.9329549064701, 69.80972787362705, 37.5810697633708
54.55372656736348, 57.62268201510537, 52.825419217976616, 47.062152710094445, 42.65701390426587, 62.272966527665815, 46.76390432670464, 26.636311710644257, 45.72462826923919, 64.39270447166973
47.71677521115568, 56.074353251242265, 53.65485833502897, 50.81267920733533, 52.05328422116345, 55.5126952815809, 47.809424382981234, 34.74629075858072, 76.11152209525123, 77.37744254558369
47.72106808881602, 50.41260623337137, 66.06448962141656, 47.19960056066182, 60.37832491123538, 21.8384275402534, 53.030714320556825, 67.41620366055113, 57.635201598524745, 67.32203462327696
55.78666492817313, 59.040708306817834, 47.64334820594732, 56.76627861498861, 36.668295675322405, 54.03884067804421, 56.74432930557545, 45.98148074991177, 33.71134913301907, 50.600150696068226
38.62977491541785, 54.3067282829892, 50.69978857558841, 54.87280527151896, 63.53456280205968, 61.253942239603575, 46.60085615577002, 39.204513304672076, 33.28029069749206, 45.635128223550396
54.437782216392705, 37.2670850312753, 59.62644477670773, 70.34829255508433, 43.48236008214856, 38.634629402868086, 56.54646704003032, 19.81130267891421, 44.20548602037952, 43.75608260896804
45.30582532813804, 42.89779172790632, 63.021990969947275, 63.351015372233945, 75.84072282164902, 47.023717369725176, 56.18406850542867, 36.000928162903506, 50.587089593915756, 50.70058167688226
32.42328702809604, 39.21826640294996, 48.00856433328928, 62.2623078900399, 67.76131137554336, 48.40578946806549, 30.862070711884947, 53.31427339463022, 45.21454197827583, 42.206995302855866
38.43017001770162, 42.39298105476993, 48.17492900851265, 46.862074266328264, 46.22693763512701, 43.65468378448333, 69.76967575265598, 26.547381732850774, 56.7884613104051, 54.496033450290994
70.68487552250947, 41.561461269278354, 47.08653268307546, 60.576156290533675, 55.70749310235262, 33.94442953926751, 56.60860922062988, 67.04476901941177, 54.689453972921186, 68.41334794230616
40.702888835402774, 48.761437984162285, 49.19048393390903, 62.090572194641304, 48.67462931308787, 41.22760745781754, 59.982472498098524, 51.1088522468426, 54.0158816709278, 50.45997996750629
60.11149942528509, 75.40136897670872, 72.70792264994448, 67.97958221553988, 49.25027334957595, 54.05719656673795, 65.96741196309097, 51.02487124489201, 44.553434624194786, 49.2125510093336
55.68222945644455, 48.300295689112644, 61.76770083619299, 40.64463852958822, 52.400072778695005, 47.140731955621696, 59.67951581915156, 36.5704838328285, 53.07246872283777, 71.05302070099546
40.01912710151342, 21.83570780592924, 68.43928996618195, 56.69732744017544, 49.86519872658684, 29.977354833351235, 54.465278015215766, 63.85017384515633, 45.18459870320451, 51.28096616213125
69.00821272744284, 51.174697888139384, 34.714536964472146, 71.87535142275226, 48.87482225429598, 33.613299575812185, 50.48685263759526, 64.08147088760286, 50.76777896845751, 64.28824595857628
51.40212300306313, 40.31662374562971, 39.421640379090164, 44.725226414211896, 62.65343820384021, 62.06484229445977, 27.821380675485408, 36.61956589513326, 41.98479622849011, 63.504096922831145
59.472077390570384, 64.09043424117732, 63.24934771712257, 47.41072834764789, 32.05125070653374, 25.153659042660166, 50.42232588847761, 56.52973623816219, 59.107193138464865, 30.766950853810258
54.51276166609706, 44.595662044277816, 49.16939293040608, 36.42099089315916, 44.10210388301732, 38.627802591236374, 24.300855153650975, 43.282130682800414, 42.6662212908647, 54.36058369337107
55.88658265464902, 42.48282222208019, 52.82674993547843, 37.3437986518366, 47.71791007850263, 23.85137712911167, 63.379746560285895, 25.029323131012212, 64.91195933331474, 68.80587954513464
45.9922942270848, 61.743780626128675, 50.767416004127384, 54.5536251563595, 51.81781918908572, 41.627694801844456, 53.22697982495823, 30.085578975959642, 61.730318332318774, 40.351746351106364
42.7279357529024, 36.06287203757997, 38.839698068689955, 59.56203369515262, 60.48419927502662, 48.39477666940455, 55.07724935428001, 33.14794569974727, 45.330693307049756, 51.45961525987752
59.14623418345825, 57.84005986813072, 67.55150282352307, 28.63938844367756, 44.00966230076115, 46.10950229562857, 49.33850001811741, 61.414104634865836, 63.304559996840794, 43.110852875156255
61.63145485259187, 58.14647472736607, 61.454910654941685, 59.2321505948442, 57.74265532649946, 53.0490312496143, 62.73919852886917, 62.40319520976044, 58.062735370343205, 46.54357484464112
37.27632000495638, 59.6647276087543, 45.00645929833658, 65.3207889019178, 18.637496188802928, 41.536471742883805, 33.23438787787424, 60.02434645650733, 58.563030232600134, 65.96284192806735
72.95415495968047, 41.11322535340417, 40.75700289083773, 42.761121295765165, 26.9944998265985, 54.3522565382786, 49.12553882381839, 55.806419238782006, 59.34614461462084, 31.748375861061522
31.33849833231769, 58.17093255501467, 51.71067825395555, 56.30657546372399, 59.371995336831574, 76.48498656967573, 67.09956047745352, 29.520807078182393, 43.34460126900233, 43.876083586594525
74.1029292517841, 47.82035979009427, 49.99897728558786, 52.27195937876809, 29.766549643410922, 45.454214808590294, 36.946845698120875, 50.562836645196484, 42.59569858843523, 64.76609060730108
45.67475805686926, 48.398860018056794, 77.29718757360172, 48.27543013750489, 38.63803266381038, 64.68529229205811, 71.9430323358532, 45.0450018191546, 62.979368842236894, 75.05584120394431
33.60353484495339, 52.83632279931332, 42.241211690187356, 52.29328499482433, 48.560943982997195, 46.086365051609576, 62.31527008234844, 56.737323798676314, 48.901570900758536, 56.27661005381197
58.33735279030079, 47.81890045855394, 41.81647940315206, 36.24821740163151, 57.44524910155114, 49.4306080973852, 43.80055254398401, 49.2264185150682, 40.812128749089084, 44.31690394025668
42.39574176300724, 48.24906786512616, 52.776864626789745, 47.38726649008284, 50.89347431139151, 48.69841981063961, 47.59912167927117, 53.11130421165264, 59.681483438432736, 50.549906296047496
51.77465106153359, 54.87160222237932, 56.61265284482785, 51.60493754807766, 49.9290011705575, 24.134122095409356, 44.76841999290045, 41.038481082446026, 56.91757502200919, 37.135329911240504
42.61905993620935, 61.1274947303623, 53.766872280475575, 49.36961950366997, 26.647523801352097, 56.67385605310663, 42.05308665340837, 53.52973145621981, 55.96462988405803, 52.02446847192028
47.51301901775866, 60.46719536231603, 53.83694384120336, 58.57939438137649, 19.034883631252413, 35.552901893981996, 62.515550620469426, 49.89514417169816, 23.603394743016587, 47.13403008102823
50.03152047692847, 73.40813037000207, 54.83293125162246, 65.84101141852707, 60.933957879516214, 61.11895197928659, 41.49781267580215, 49.58064645513924, 56.69088956578488, 33.21714975245962
43.57951768965107, 56.21916625955512, 58.404625586761846, 46.047346442338295, 47.26446239405503, 54.612340507076176, 66.58028214561892, 60.60791537730792, 62.21272362694543, 53.25567691639577
50.81418759881512, 72.1636197280611, 56.22881737408611, 47.30819006140919, 35.32319176904723, 62.66122723861917, 45.364473714154826, 37.25266487469568, 69.9679480840129, 60.902926354858934
43.06035219274547, 44.14286785844599, 55.98981116041325, 58.19792339979247, 40.72059149225052, 33.27419079930259, 51.47296040346228, 59.951451286057626, 57.67243159513284, 43.7675827369601
26.592533760539055, 55.828286164691946, 41.9971460395809, 30.458213934529677, 51.565361316835116, 34.974373436161954, 41.59583167714105, 70.21736855729786, 38.63414357532436, 54.166794311470056
54.234586453722834, 44.11161472924253, 80.6451276752551, 47.53308429066576, 27.392767414332468, 57.88167196865885, 49.74443303372378, 25.85912267596078, 34.657589035417885, 58.91958358761272
41.93532474603077, 56.23327349338331, 47.32324194942842, 62.42363590188259, 55.77580838992741, 40.912254486777286, 44.789378584067386, 42.85113908834724, 58.809871714894314, 63.25843657066565
42.42886348472116, 49.880635314579386, 43.197169721940796, 57.889812148393396, 34.76815413921469, 24.159369935706312, 40.05888606144029, 62.809712011632854, 56.985122699973914, 43.26173557181635
42.431143536557094, 32.21011279764964, 50.77759505758461, 46.54374357070287, 39.90726750809966, 53.7049898227993, 38.66395124265114, 44.33197580138602, 60.68263510061358, 35.235912455564815
36.24472203606482, 51.44691415904204, 53.23375173924126, 41.41344536288534, 60.849397993983274, 51.32718353297058, 45.49566262206571, 50.754009975150176, 56.460703939152886, 20.43051433983085
46.89492441832654, 61.04996395289641, 50.38521571787071, 19.058546865580695, 39.79693019441804, 42.20920582794486, 23.83122046794766, 40.88979058584104, 50.77902899211201, 57.255566684936554
41.03961976703246, 44.67490292582687, 57.228432640986235, 49.009580281939066, 36.84563149649679, 48.90547598764167, 49.665441023999854, 63.263884434922176, 62.87005999558066, 38.94738446567706
67.4609928367484, 68.73814805988042, 58.085830939042346, 43.917776742148874, 53.88754852959067, 51.19888967716849, 50.199803963382784, 49.419011640054364, 73.13760521221747, 66.90995980537122
46.28302600050608, 51.93437692005922, 49.933108912333616, 50.118647243705006, 43.53204180946712, 56.70360887036813, 53.07247898714923, 25.631564300883547, 54.582615197454025, 51.04298026070413
49.032037201056184, 49.319786205484036, 43.49694343763933, 67.28446331867855, 32.39386859904797, 35.926612370552725, 73.98057816877149, 47.83959338343308, 30.169140681242954, 38.648838850769394
26.314390880635557, 20.572068387443018, 46.93332936155743, 73.48497674462749, 50.495993507147425, 39.73423026091814, 43.07496111788276, 39.95651378384133, 48.129044223158644, 44.19522013341166
26.071986826416335, 48.069733453157156, 45.33351405514152, 37.614066103465035, 44.55931322916662, 35.529088735457684, 46.36887408025627, 36.95691645887571, 27.756017900174523, 45.53323478585233
66.11895938893801, 49.172998436317066, 33.41797076113383, 75.5100402750474, 42.50685404864413, 59.09829098441563, 55.56233447379569, 48.69735852187221, 55.58096847379777, 69.10149829410913
59.23787756517622, 41.80896813248844, 35.018603980328464, 39.845211843101765, 48.33292603000489, 54.47155283385374, 43.5586581525, 65.0833672131769, 53.86657152783683, 22.719594306214393
58.007146695997534, 56.35864385751225, 63.01365655741879, 55.65160314904096, 34.66330998860601, 45.74559738220236, 60.27065379470496, 56.366893069581394, 38.151060691982295, 46.57052638686734
43.1579416884735, 48.23373180093278, 46.938846134390836, 65.8403307535686, 41.9199465172369, 48.54709817786534, 70.43441003484558, 53.98749727479668, 49.67359578939826, 41.83141781129172
44.96360787569558, 32.88392488378374, 78.51413586240392, 41.75039314127294, 57.223305701944604, 42.3109228733686, 35.77052145059463, 51.50947218034828, 49.360621611303344, 33.5272936354872
70.53879188785268, 49.76214957134442, 55.4754964274927, 62.64680587892748, 62.46121496742452, 47.75284622120914, 57.52062966251252, 55.90634547671179, 37.901789691687014, 37.500213132586076
42.355463469520274, 23.59409070303704, 53.576673962454585, 77.72674212517951, 53.93574798575429, 50.98246621739763, 57.4023697139787, 67.44130352232085, 26.233175660735306, 59.49853100763589
58.80102232415274, 74.73101732919227, 65.96787890621142, 38.119414897064594, 51.08850364415646, 68.05881288595228, 17.320519835300267, 50.99565564226802, 46.629650466155546, 55.983936466818626
38.78810388579366, 40.28057974422601, 73.74342792089574, 61.62212148419559, 60.25754372961129, 46.34477024669954, 47.90073797201207, 39.1884179990598, 59.731215552062125, 36.93183292566144
52.931912518415565, 41.71362945051487, 38.635789290502714, 64.38659477656064, 54.841428292125826, 44.781789722774484, 49.40983121975111, 65.17082269420064, 35.159390503535576, 43.49572333091002
56.52225808542742, 52.414855948993164, 29.92857685520837, 64.27150583784515, 40.40799032134636, 49.16852070272962, 63.86352432409551, 43.3523821203439, 64.4300088111901, 54.83370318124793
33.31943066537448, 36.94760821858784, 44.543180083764085, 47.877804000117656, 20.67547619468369, 44.1118197237422, 38.760134104584075, 54.398376447883294, 43.17274980214522, 51.86489806630761
80.527896208548, 47.28989954907048, 34.92185391046572, 43.45603742684666, 26.82669309738573, 41.432881566794165, 69.38205973290104, 46.58019614589253, 59.26173329005527, 39.87291852565147
50.43376752818609, 56.69979124525541, 56.11819704211005, 55.41777127419054, 51.58389304747248, 44.1853659598769, 47.40286275782604, 61.54141341744167, 45.11382116336833, 53.54914969036276
35.368585865705214, 52.923536172889726, 47.20139788519158, 52.26555440321692, 77.18705313083339, 58.78800416689781, 42.15042526147627, 41.02002540201731, 40.04681900058341, 55.79762375234707
52.780797353777686, 44.354798107783694, 50.164355161572885, 43.65092754578259, 40.43923986237805, 62.878880681000574, 54.510501849298166, 65.74276230620433, 54.290364564080356, 41.71501838020352
58.68089238618849, 35.98882941626549, 56.15489693818819, 35.00031549929256, 52.88922133045062, 54.79020757850524, 44.354410706362415, 35.59843374076503, 44.46830013688843, 32.13504741687993
55.27876641655386, 60.67687024116051, 42.327036365116015, 26.473438037410084, 53.52203451855323, 55.16718547247989, 36.37325208319437, 41.39181704616694, 55.0311932764822, 66.14770318662804
43.419181047496494, 33.971616896787154, 55.166145842512435, 57.426569604444374, 58.06635057005633, 37.04246119712609, 37.23377054442294, 46.10959600634384, 51.71772464959889, 57.57848596168442
43.81359419281405, 51.99352625967744, 48.034988224235555, 49.588550323252186, 49.335259974256765, 54.45072054799124, 57.48036357752855, 45.77530104531563, 67.26196850118137, 32.46965066850136
80.84226411068826, 26.257608073750298, 51.85397982550243, 44.89053331498036, 36.0581422479478, 37.3289028212819, 46.9907076114811, 42.28030658270813, 63.64656255571474, 64.0939348993067
73.46222700940305, 58.64649963181608, 54.765505283551214, 29.63765838613298, 39.01020177508927, 42.09625517880335, 57.63445065955401, 50.9460257080672, 36.36047566917463, 60.95501074500691
46.221100843645345, 61.582045379693625, 56.35517685482795, 43.48290515035846, 61.69876123471513, 53.400390085092525, 39.757299289447744, 50.174753790731195, 39.074026492256834, 44.35986301845321
43.450739586840136, 46.37357909866659, 43.93426566302789, 53.69649921703155, 42.31984512889197, 34.27539649193327, 17.774060764363824, 51.83890926719605, 47.48986654585388, 54.446611439016216
46.387545244987265, 53.49751478681203, 48.90073725809467, 50.54713926901741, 48.863464731135586, 54.91851590185858, 68.16210007857416, 38.23135727468181, 63.020548964655, 53.35455070639234
41.33706384860615, 29.04994474943217, 48.8109666662591, 46.02633337647699, 51.638401028527824, 74.44318879901468, 45.461087290396385, 58.70425607033385, 41.96539961611809, 55.8377294682574
47.70817706673838, 55.5248817028716, 68.89429630151056, 33.31900051789445, 57.471313284351695, 55.23752307847645, 69.11277840174785, 50.82509870197029, 36.14713778522489, 69.53367782033037
47.71163106132591, 39.65465429348927, 62.019798116167465, 46.336682095153, 38.40986810968531, 52.046321312983906, 69.00121862348598, 55.510024536643115, 45.01574092822776, 52.796813656662884
42.75454679269565, 27.360113712437077, 62.178539735003454, 44.5323140001889, 62.14741348137575, 66.07304336894487, 43.08521504005732, 36.087185814842115, 49.70810152199109, 54.75082856657342
43.17608551176191, 21.864677380052562, 52.16073259350824, 31.451334564534683, 56.49316104953439, 41.210949229217896, 43.8001716085882, 48.79739474940771, 44.122344521994194, 50.654635978579236
88.20089051670443, 44.85646284254229, 37.2720892938904, 57.64833139994939, 42.896320848364745, 69.81061900581838, 46.5529196982821, 59.33546588885351, 59.3782930556289, 52.73841133858076
44.76806085507708, 34.94466376055753, 45.42543473034015, 37.56597872544296, 52.632350856644955, 61.21937371968022, 35.442600957463156, 39.84468364857045, 48.97650948971665, 48.86863872617728
42.30983124275197, 58.31093274384178, 23.610976059675707, 33.01825924020183, 66.88991298717147, 44.00707167773619, 53.79395420000469, 55.58438538652615, 54.98441488453952, 42.13061947913761
60.47841324705729, 56.355764703488454, 52.74983224378692, 37.79655122692941, 53.09748892614254, 31.698276163683918, 48.12482645576062, 48.81095569150381, 38.07094448119146, 44.740079908821095
32.10915498756222, 37.25235273176064, 39.44389972575216, 45.717603953774116, 31.106280798026777, 56.11688711024504, 47.47839802635628, 31.56635163605135, 60.5389428636592, 62.009454248603575
47.77204428533098, 32.16093292006259, 56.69424203135069, 53.676523365521014, 41.87899282290295, 67.39393175248111, 59.29908222423225, 47.14149837298386, 40.98940579156074, 41.09988257991915
58.670959394741885, 19.9284385028566, 43.87728553217655, 52.590589112738336, 67.69209295465441, 46.168886440399824, 48.11897127886229, 57.1937780602675, 33.41353881091283, 41.831296684122684
60.30583255701046, 45.97901712657431, 55.737111868938435, 56.96346389037671, 35.34063769188257, 37.07947023728242, 28.14444778621499, 52.31936708567218, 68.24260028070353, 33.80706487074001
47.97465318122124, 44.918577269499224, 45.13735931690688, 45.43530717313788, 32.11265152176774, 44.52824375475471, 34.182937254487456, 45.244626916708334, 53.975342442755974, 38.99873949985295
71.03518850625422, 23.175424851567215, 34.83355057601738, 42.18017791598059, 63.111705557679585, 52.32572632627719, 51.21517576599019, 56.508730055598654, 58.21366886674859, 41.041210639632176
50.698530276621256, 55.6340268092117, 30.39894550508761, 47.23368982455907, 48.26080436111184, 57.69671480466254, 53.05842388822084, 27.906893070183138, 54.073534517854085, 44.85294026742654
37.1981000132605, 59.48620444898306, 46.186476508924784, 38.05258219299462, 41.90587623413282, 52.49567135578479, 37.332486897544655, 62.35435142026566, 39.1749885284055, 78.90991661379584
48.65399805028348, 29.288738942437206, 59.7026121912796, 48.98096264445756, 62.67636158879191, 49.106588819924994, 44.742771733032875, 42.59602692916093, 34.69727099322937, 47.38683793871317
34.34289529286783, 40.86284016925413, 40.61161947797106, 51.03702888328303, 46.010143625326954, 55.43635491553253, 45.002302828612535, 55.40373788627234, 14.037864373762396, 52.85996295470513
61.89582767026495, 43.57802789047704, 41.882276052313536, 45.25962106414957, 53.0646080478602, 37.57663502854492, 52.57885308220019, 59.64968970263851, 44.52572813198398, 70.11812440568504
47.478298147463214, 52.99715723192143, 57.91224094948322, 29.611437188794273, 56.47043212150324, 56.74109168742387, 48.21616168615085, 76.98785558554104, 66.05204208845518, 34.086675658042054
44.19418204123886, 57.659805179074986, 52.8437320433422, 51.51089952753866, 60.71834410597519, 54.09299732563526, 59.7036289956647, 53.524940887057646, 46.630486647896205, 40.6925045752022
33.97650912835639, 34.72860066234112, 74.89473710039525, 61.09774067252548, 53.30163226897448, 39.85081644963575, 50.118263623474526, 57.01122218321269, 43.28692239602397, 61.26771071194826
48.00506519012662, 72.44388480547954, 63.8255094770566, 57.60357878923035, 50.84758697937837, 53.92927438780824, 52.22955045631249, 71.96395411152483, 53.76163413832542, 47.320297376605396
23.592728570575936, 38.44076664931652, 48.838891335488704, 31.47303061940607, 46.8257030351942, 56.5976169525229, 61.51745224573707, 63.22867151305698, 71.07513315882245, 71.16323745610734
43.133619159861, 45.0799075722308, 50.86941087729211, 38.95669071584188, 35.37909392752463, 37.91877069469544, 44.960586471507156, 47.36926732878762, 16.655262600918633, 66.22873555277882
19.230110021836218, 51.492409092594436, 74.17423765652916, 49.43663036888496, 48.82934189046617, 65.00600269332708, 47.94256754430675, 52.09062571423014, 42.721435608719325, 70.36758614502446
60.55160567850008, 36.398384729602554, 52.5222618500215, 38.074492681773336, 41.43510939336943, 49.55868586971174, 52.18009746620076, 61.2757524463063, 18.828962206502812, 60.22797984309952
70.8699066097498, 53.19506196839652, 35.32706719150484, 40.482434615334896, 48.46609613775215, 64.06495131123393, 38.90342980469011, 44.21546536534302, 36.83469169931329, 56.99836600222704
66.41988552717571, 72.38302448153618, 65.8422558809938, 37.49092030553015, 53.71730904446085, 45.7167022415588, 52.94866077684753, 62.78921560491804, 31.110292764254176, 37.6040930484825
43.47562881515279, 58.17804016258011, 43.770780487851354, 56.24090625541121, 39.0962483146887, 51.81518170737768, 61.8990526518347, 49.430972483202865, 26.667838687279776, 48.63888894398747
37.15584516115131, 44.03247184297827, 66.07142800797581, 21.088333830531802, 60.02289953362975, 69.50045168354902, 45.847096766604054, 59.41096117515509, 58.64458629864325, 48.00898465584194
44.720903406445714, 28.119020604645478, 74.31499733153254, 62.68436478684251, 49.44818426600328, 56.41377259324547, 64.75761897330796, 47.47552707046393, 58.180602398612585, 33.87909805022732
51.247910670742755, 38.167551212175816, 61.24069039831703, 39.72228251224169, 65.7196305583158, 48.33848864099313, 64.6060637659536, 34.82124703734368, 42.65427314143402, 45.2221910682518
42.2469416968139, 42.64263756768408, 41.396970151192434, 57.06201130618635, 43.78838224141243, 42.14589865560577, 36.284792949384936, 42.72074916639895, 66.42984458491067, 31.112945721203445
54.009586191490314, 47.51832089392258, 35.25270019455334, 48.64010309003491, 61.91823835761997, 71.01989969832073, 51.17460029185883, 61.28461837634896, 26.562357908694146, 41.29887073788716
55.4589527223602, 56.292366789106545, 44.974159229628256, 53.765582112345655, 42.740006572523896, 52.80894816856983, 43.58795845279266, 24.342720356125575, 41.24102675327712, 49.99271748818541
67.51033320708524, 57.26620593138198, 64.38099377226463, 39.74719949559341, 50.1685456439853, 55.74574795420606, 46.80552660464066, 63.570859479251475, 65.61480318577532, 55.62703996245662
53.71820337666845, 45.377700409601466, 51.615954339831866, 31.271551975140785, 55.856391257358055, 28.90279485019474, 47.52970518323663, 55.7708801859329, 46.62263486356596, 63.50384643553133
52.340628572647304, 65.19689935614653, 36.150976408650465, 64.64525469335732, 74.92532793604836, 47.280772598025216, 60.65998844609421, 60.904873650487325, 37.0236519934267, 49.204817375263936
76.30373027365054, 64.431077107497, 51.24640605511184, 54.83658947770625, 65.98766793384955, 47.9860282189435, 55.83465662710187, 47.12249316377564, 61.32445761077737, 42.01760569598606
32.3631300665671, 57.55109580614375, 60.02756461928366, 42.98693748491422, 47.561851705270946, 49.24684263584898, 50.70683005804122, 45.96165911907643, 40.15208094653641, 34.49300746134874
37.030416600068705, 54.4796578527963, 40.26645504245062, 46.03675380879936, 37.652063748517506, 54.08319672851948, 34.290031530345075, 55.45899140585986, 41.00872818649208, 46.02930899453978
45.78538540604993, 38.60338158394182, 59.430776338257225, 52.93271352613758, 42.515092717593504, 59.381242951829776, 57.69333094480649, 46.310761250577876, 54.18014906824113, 39.501650550828415
65.22693115602617, 29.66809791854625, 52.60666334291396, 56.36170863325768, 44.2678506593584, 52.355407326400396, 55.11307580637046, 39.17101425687975, 34.51557923969243, 59.976830068261066
33.39287992204075, 45.95491764206965, 44.562266977068724, 50.116268712015206, 49.998214485466505, 48.51913732823958, 38.223422215434795, 35.45782742893489, 41.97395232536578, 21.429928413342857
44.01420185957854, 39.13572349524236, 45.651622980594944, 56.8401946297989, 60.45089407251084, 52.4247596978733, 57.079237062441, 31.822652233166984, 62.59045886968606, 44.803349808108415
33.99997125047666, 44.91467684963981, 36.70827810027697, 33.311265435356816, 39.35909636610529, 55.31020454583317, 14.66688775145569, 66.43962637488303, 62.030279863560274, 63.98134438752449
